>> fsamp = 504000;
>> fcuts = [25200 46200];
>> mags = [1 0];
>> devs = [0.01 0.0001];
>> [n,Wn,beta,ftype] = kaiserord(fcuts,mags,devs,fsamp);
>> n

n =

   121

>> hh = fir1(n+1,Wn,ftype,kaiser(n+2,beta),'noscale');
>> hh

hh =

  Columns 1 through 12 

    0.0000    0.0000    0.0000    0.0000    0.0000   -0.0000   -0.0001   -0.0001   -0.0002   -0.0002   -0.0002   -0.0001

  Columns 13 through 24 

    0.0001    0.0002    0.0004    0.0006    0.0006    0.0005    0.0003   -0.0002   -0.0007   -0.0012   -0.0015   -0.0016

  Columns 25 through 36 

   -0.0013   -0.0007    0.0003    0.0015    0.0026    0.0033    0.0035    0.0029    0.0015   -0.0005   -0.0029   -0.0051

  Columns 37 through 48 

   -0.0066   -0.0070   -0.0058   -0.0032    0.0008    0.0053    0.0096    0.0126    0.0134    0.0114    0.0065   -0.0010

  Columns 49 through 60 

   -0.0099   -0.0186   -0.0252   -0.0278   -0.0248   -0.0152    0.0011    0.0232    0.0493    0.0766    0.1023    0.1232

  Columns 61 through 72 

    0.1369    0.1417    0.1369    0.1232    0.1023    0.0766    0.0493    0.0232    0.0011   -0.0152   -0.0248   -0.0278

  Columns 73 through 84 

   -0.0252   -0.0186   -0.0099   -0.0010    0.0065    0.0114    0.0134    0.0126    0.0096    0.0053    0.0008   -0.0032

  Columns 85 through 96 

   -0.0058   -0.0070   -0.0066   -0.0051   -0.0029   -0.0005    0.0015    0.0029    0.0035    0.0033    0.0026    0.0015

  Columns 97 through 108 

    0.0003   -0.0007   -0.0013   -0.0016   -0.0015   -0.0012   -0.0007   -0.0002    0.0003    0.0005    0.0006    0.0006

  Columns 109 through 120 

    0.0004    0.0002    0.0001   -0.0001   -0.0002   -0.0002   -0.0002   -0.0001   -0.0001   -0.0000    0.0000    0.0000

  Columns 121 through 123 

    0.0000    0.0000    0.0000
    
    
>> fsamp = 144000;
>> fcuts = [22000 26000];
>> [n,Wn,beta,ftype] = kaiserord(fcuts,mags,devs,fsamp);
>> n

n =

   181

>> hh = fir1(n+1,Wn,ftype,kaiser(n+2,beta),'noscale');
>> hh

hh =

  Columns 1 through 12 

    0.0000    0.0000   -0.0000   -0.0000   -0.0000    0.0000    0.0000    0.0000   -0.0001   -0.0001   -0.0000    0.0001

  Columns 13 through 24 

    0.0001    0.0000   -0.0001   -0.0001   -0.0000    0.0002    0.0002    0.0000   -0.0003   -0.0003   -0.0000    0.0004

  Columns 25 through 36 

    0.0004    0.0000   -0.0005   -0.0005   -0.0000    0.0006    0.0007    0.0000   -0.0008   -0.0009   -0.0000    0.0011

  Columns 37 through 48 

    0.0011    0.0000   -0.0013   -0.0014   -0.0000    0.0017    0.0018   -0.0000   -0.0021   -0.0022   -0.0000    0.0025

  Columns 49 through 60 

    0.0027    0.0000   -0.0031   -0.0033   -0.0000    0.0037    0.0040    0.0000   -0.0045   -0.0048   -0.0000    0.0054

  Columns 61 through 72 

    0.0057    0.0000   -0.0065   -0.0069   -0.0000    0.0078    0.0083   -0.0000   -0.0094   -0.0101   -0.0000    0.0115

  Columns 73 through 84 

    0.0123    0.0000   -0.0143   -0.0154   -0.0000    0.0180    0.0197   -0.0000   -0.0237   -0.0264   -0.0000    0.0335

  Columns 85 through 96 

    0.0385   -0.0000   -0.0545   -0.0684    0.0000    0.1376    0.2755    0.3333    0.2755    0.1376    0.0000   -0.0684

  Columns 97 through 108 

   -0.0545   -0.0000    0.0385    0.0335   -0.0000   -0.0264   -0.0237   -0.0000    0.0197    0.0180   -0.0000   -0.0154

  Columns 109 through 120 

   -0.0143    0.0000    0.0123    0.0115   -0.0000   -0.0101   -0.0094   -0.0000    0.0083    0.0078   -0.0000   -0.0069

  Columns 121 through 132 

   -0.0065    0.0000    0.0057    0.0054   -0.0000   -0.0048   -0.0045    0.0000    0.0040    0.0037   -0.0000   -0.0033

  Columns 133 through 144 

   -0.0031    0.0000    0.0027    0.0025   -0.0000   -0.0022   -0.0021   -0.0000    0.0018    0.0017   -0.0000   -0.0014

  Columns 145 through 156 

   -0.0013    0.0000    0.0011    0.0011   -0.0000   -0.0009   -0.0008    0.0000    0.0007    0.0006   -0.0000   -0.0005

  Columns 157 through 168 

   -0.0005    0.0000    0.0004    0.0004   -0.0000   -0.0003   -0.0003    0.0000    0.0002    0.0002   -0.0000   -0.0001

  Columns 169 through 180 

   -0.0001    0.0000    0.0001    0.0001   -0.0000   -0.0001   -0.0001    0.0000    0.0000    0.0000   -0.0000   -0.0000

  Columns 181 through 183 

   -0.0000    0.0000    0.0000    